[ utils/colab ] Warning: not importing colab dependencies
[ utils/setup ] Reading config: config.maze2d:maze2d_large_v1
[ utils/setup ] Using overrides | config: config.maze2d | dataset: maze2d_large_v1
[ utils/setup ] Lazy fstring | diffusion_loadpath : f:diffusion/H{horizon}_T{n_diffusion_steps} --> diffusion/H256_T256
[ utils/setup ] Setting exp_name to: plans/release_H256_T256_LimitsNormalizer_b1_condFalse
[ utils/setup ] Saved args to logs/maze2d-large-v1/plans/release_H256_T256_LimitsNormalizer_b1_condFalse/0/args.json
Initial path length: 256 waypoints
current path is [(0.9877756879504105, 6.071719583982277), (1.138325114244589, 5.94005762955924), (1.2347050365426981, 5.76481234266738), (1.4345220175867803, 5.773366527983872), (1.610628134216998, 5.6785686604687), (1.7182128817444329, 5.509969959111133), (1.917228545028257, 5.490151640118353), (2.110956278263363, 5.440456918310221), (2.3097245754564124, 5.462619139114454), (2.503044203199927, 5.411359783586815), (2.7030433666985947, 5.41193822963721), (2.900359150534322, 5.444595257200855), (3.046267265063391, 5.581382764359119), (3.2313351154731174, 5.505554730329987), (3.431326846570631, 5.507373381648916), (3.6311242741369076, 5.498374051790619), (3.831122747819106, 5.497592690932232), (4.031016395970864, 5.504114150015994), (4.225142334368643, 5.55222984434936), (4.41948123250796, 5.599478047172283), (4.601599003573682, 5.516815374447207), (4.773145588794905, 5.413996265819785), (4.9018547517042155, 5.567077784571019), (5.099954765506779, 5.5395753386539), (5.122455081371895, 5.738305647831866), (5.199168202041346, 5.923008374171123), (5.212087265538052, 6.122590682501215), (5.165040196466151, 6.316978370618914), (5.065719476329258, 6.490573861780088), (4.934081517840041, 6.641144270176927), (4.781626863347436, 6.770595335539637), (4.892846072818677, 6.936818942300507), (5.073716805787558, 7.022175710955955), (5.068012790021788, 7.222094354919303), (4.905107004010531, 7.338118942331), (5.04725266553665, 7.478812264522573), (5.221466891502974, 7.577043641744694), (5.4167772525326034, 7.533987133822247), (5.5657860661004355, 7.667390182809544), (5.764683141199476, 7.688365251749755), (5.739595292309213, 7.886785512403901), (5.871920904128474, 8.03675195017135), (6.071604511086298, 8.04799726529868), (6.2445645790619855, 8.148420444325463), (6.437437880265965, 8.201334428135786), (6.636860602184169, 8.216519222593888), (6.60203806006749, 8.413464368663885), (6.786602953443845, 8.430190141988287), (6.977264777228913, 8.490589388266296), (7.118101843972456, 8.63259262988801), (7.133183128885138, 8.832023206393675), (7.055870803198496, 8.871883033578314), (7.055870803198496, 8.871883033578314), (7.055870803198496, 8.871883033578314), (7.055870803198496, 8.871883033578314), (7.055870803198496, 8.871883033578314), (7.055870803198496, 8.871883033578314), (7.055870803198496, 8.871883033578314), (7.055870803198496, 8.871883033578314), (7.055870803198496, 8.871883033578314), (7.055870803198496, 8.871883033578314), (7.055870803198496, 8.871883033578314), (7.055870803198496, 8.871883033578314), (7.055870803198496, 8.871883033578314), (7.055870803198496, 8.871883033578314), (7.055870803198496, 8.871883033578314), (7.055870803198496, 8.871883033578314), (7.055870803198496, 8.871883033578314), (7.055870803198496, 8.871883033578314), (7.055870803198496, 8.871883033578314), (7.055870803198496, 8.871883033578314), (7.055870803198496, 8.871883033578314), (7.055870803198496, 8.871883033578314), (7.055870803198496, 8.871883033578314), (7.055870803198496, 8.871883033578314), (7.055870803198496, 8.871883033578314), (7.055870803198496, 8.871883033578314), (7.055870803198496, 8.871883033578314), (7.055870803198496, 8.871883033578314), (7.055870803198496, 8.871883033578314), (7.055870803198496, 8.871883033578314), (7.055870803198496, 8.871883033578314), (7.055870803198496, 8.871883033578314), (7.055870803198496, 8.871883033578314), (7.055870803198496, 8.871883033578314), (7.055870803198496, 8.871883033578314), (7.055870803198496, 8.871883033578314), (7.055870803198496, 8.871883033578314), (7.055870803198496, 8.871883033578314), (7.055870803198496, 8.871883033578314), (7.055870803198496, 8.871883033578314), (7.055870803198496, 8.871883033578314), (7.055870803198496, 8.871883033578314), (7.055870803198496, 8.871883033578314), (7.055870803198496, 8.871883033578314), (7.055870803198496, 8.871883033578314), (7.055870803198496, 8.871883033578314), (7.055870803198496, 8.871883033578314), (7.055870803198496, 8.871883033578314), (7.055870803198496, 8.871883033578314), (7.055870803198496, 8.871883033578314), (7.055870803198496, 8.871883033578314), (7.055870803198496, 8.871883033578314), (7.055870803198496, 8.871883033578314), (7.055870803198496, 8.871883033578314), (7.055870803198496, 8.871883033578314), (7.055870803198496, 8.871883033578314), (7.055870803198496, 8.871883033578314), (7.055870803198496, 8.871883033578314), (7.055870803198496, 8.871883033578314), (7.055870803198496, 8.871883033578314), (7.055870803198496, 8.871883033578314), (7.055870803198496, 8.871883033578314), (7.055870803198496, 8.871883033578314), (7.055870803198496, 8.871883033578314), (7.055870803198496, 8.871883033578314), (7.055870803198496, 8.871883033578314), (7.055870803198496, 8.871883033578314), (7.055870803198496, 8.871883033578314), (7.055870803198496, 8.871883033578314), (7.055870803198496, 8.871883033578314), (7.055870803198496, 8.871883033578314), (7.055870803198496, 8.871883033578314), (7.055870803198496, 8.871883033578314), (7.055870803198496, 8.871883033578314), (7.055870803198496, 8.871883033578314), (7.055870803198496, 8.871883033578314), (7.055870803198496, 8.871883033578314), (7.055870803198496, 8.871883033578314), (7.055870803198496, 8.871883033578314), (7.055870803198496, 8.871883033578314), (7.055870803198496, 8.871883033578314), (7.055870803198496, 8.871883033578314), (7.055870803198496, 8.871883033578314), (7.055870803198496, 8.871883033578314), (7.055870803198496, 8.871883033578314), (7.055870803198496, 8.871883033578314), (7.055870803198496, 8.871883033578314), (7.055870803198496, 8.871883033578314), (7.055870803198496, 8.871883033578314), (7.055870803198496, 8.871883033578314), (7.055870803198496, 8.871883033578314), (7.055870803198496, 8.871883033578314), (7.055870803198496, 8.871883033578314), (7.055870803198496, 8.871883033578314), (7.055870803198496, 8.871883033578314), (7.055870803198496, 8.871883033578314), (7.055870803198496, 8.871883033578314), (7.055870803198496, 8.871883033578314), (7.055870803198496, 8.871883033578314), (7.055870803198496, 8.871883033578314), (7.055870803198496, 8.871883033578314), (7.055870803198496, 8.871883033578314), (7.055870803198496, 8.871883033578314), (7.055870803198496, 8.871883033578314), (7.055870803198496, 8.871883033578314), (7.055870803198496, 8.871883033578314), (7.055870803198496, 8.871883033578314), (7.055870803198496, 8.871883033578314), (7.055870803198496, 8.871883033578314), (7.055870803198496, 8.871883033578314), (7.055870803198496, 8.871883033578314), (7.055870803198496, 8.871883033578314), (7.055870803198496, 8.871883033578314), (7.055870803198496, 8.871883033578314), (7.055870803198496, 8.871883033578314), (7.055870803198496, 8.871883033578314), (7.055870803198496, 8.871883033578314), (7.055870803198496, 8.871883033578314), (7.055870803198496, 8.871883033578314), (7.055870803198496, 8.871883033578314), (7.055870803198496, 8.871883033578314), (7.055870803198496, 8.871883033578314), (7.055870803198496, 8.871883033578314), (7.055870803198496, 8.871883033578314), (7.055870803198496, 8.871883033578314), (7.055870803198496, 8.871883033578314), (7.055870803198496, 8.871883033578314), (7.055870803198496, 8.871883033578314), (7.055870803198496, 8.871883033578314), (7.055870803198496, 8.871883033578314), (7.055870803198496, 8.871883033578314), (7.055870803198496, 8.871883033578314), (7.055870803198496, 8.871883033578314), (7.055870803198496, 8.871883033578314), (7.055870803198496, 8.871883033578314), (7.055870803198496, 8.871883033578314), (7.055870803198496, 8.871883033578314), (7.055870803198496, 8.871883033578314), (7.055870803198496, 8.871883033578314), (7.055870803198496, 8.871883033578314), (7.055870803198496, 8.871883033578314), (7.055870803198496, 8.871883033578314), (7.055870803198496, 8.871883033578314), (7.055870803198496, 8.871883033578314), (7.055870803198496, 8.871883033578314), (7.055870803198496, 8.871883033578314), (7.055870803198496, 8.871883033578314), (7.055870803198496, 8.871883033578314), (7.055870803198496, 8.871883033578314), (7.055870803198496, 8.871883033578314), (7.055870803198496, 8.871883033578314), (7.055870803198496, 8.871883033578314), (7.055870803198496, 8.871883033578314), (7.055870803198496, 8.871883033578314), (7.055870803198496, 8.871883033578314), (7.055870803198496, 8.871883033578314), (7.055870803198496, 8.871883033578314), (7.055870803198496, 8.871883033578314), (7.055870803198496, 8.871883033578314), (7.055870803198496, 8.871883033578314), (7.055870803198496, 8.871883033578314), (7.055870803198496, 8.871883033578314), (7.055870803198496, 8.871883033578314), (7.055870803198496, 8.871883033578314), (7.055870803198496, 8.871883033578314), (7.055870803198496, 8.871883033578314), (7.055870803198496, 8.871883033578314), (7.055870803198496, 8.871883033578314), (7.055870803198496, 8.871883033578314), (7.055870803198496, 8.871883033578314), (7.055870803198496, 8.871883033578314), (7.055870803198496, 8.871883033578314), (7.055870803198496, 8.871883033578314), (7.055870803198496, 8.871883033578314), (7.055870803198496, 8.871883033578314), (7.055870803198496, 8.871883033578314), (7.055870803198496, 8.871883033578314), (7.055870803198496, 8.871883033578314), (7.055870803198496, 8.871883033578314), (7.055870803198496, 8.871883033578314), (7.055870803198496, 8.871883033578314), (7.055870803198496, 8.871883033578314), (7.055870803198496, 8.871883033578314), (7.055870803198496, 8.871883033578314), (7.055870803198496, 8.871883033578314), (7.055870803198496, 8.871883033578314), (7.055870803198496, 8.871883033578314), (7.055870803198496, 8.871883033578314), (7.055870803198496, 8.871883033578314), (7.055870803198496, 8.871883033578314), (7.055870803198496, 8.871883033578314), (7.055870803198496, 8.871883033578314), (7.055870803198496, 8.871883033578314), (7.055870803198496, 8.871883033578314), (7.055870803198496, 8.871883033578314), (7.055870803198496, 8.871883033578314), (7.055870803198496, 8.871883033578314), (7.055870803198496, 8.871883033578314), (7.055870803198496, 8.871883033578314), (7.055870803198496, 8.871883033578314), (7.055870803198496, 8.871883033578314), (7.055870803198496, 8.871883033578314), (7.055870803198496, 8.871883033578314), (7.055870803198496, 8.871883033578314), (7.055870803198496, 8.871883033578314)]
deviation 0.0
Saved 1 samples to: logs/maze2d-large-v1/plans/release_H256_T256_LimitsNormalizer_b1_condFalse/0/cur_rollout0.png
deviation 0.1980115914099729
deviation 0.38933409645363204
deviation 0.5299684333992373
deviation 0.725354112887729
deviation 0.9047431122300789
deviation 1.073472890979854
deviation 1.257783497956296
deviation 1.4161277892279711
deviation 1.6027795369610562
deviation 1.7756746144271074
deviation 1.9373769361851216
deviation 2.0271010142456305
deviation 2.2074767095224987
deviation 2.383374409937929
deviation 2.5604309255172533
deviation 2.7348701004796037
deviation 2.9067670284987255
deviation 3.0656122674054656
deviation 3.2250383401948843
deviation 3.3877477016721738
deviation 3.542476614834808
deviation 3.617482023909755
deviation 3.784312883705993
deviation 3.755202205961681
deviation 3.7903108898160793
deviation 3.77091835857884
deviation 3.701755308461111
deviation 3.5887052087382942
deviation 3.449727230021457
deviation 3.29502462194814
deviation 3.4119120654629067
deviation 3.5751996695537365
deviation 3.5985934106025272
deviation 3.4549183782384008
deviation 3.6065988397804496
deviation 3.7703642211319846
deviation 3.89588062002847
deviation 4.048068454444921
deviation 4.2006719390925635
deviation 4.219671782326107
deviation 4.364038767718578
deviation 4.506983641319462
deviation 4.6636814566797575
deviation 4.816536878570367
deviation 4.958479616308296
deviation 4.9658516235801295
deviation 5.0912305014719195
deviation 5.2500354541583985
deviation 5.399126527844723
deviation 5.465622400913633
Saved 1 samples to: logs/maze2d-large-v1/plans/release_H256_T256_LimitsNormalizer_b1_condFalse/0/cur_rollout50.png
deviation 5.37771548210992
deviation 5.337890194346744
deviation 5.298211190384883
deviation 5.258762150813002
deviation 5.21960619588581
deviation 5.180790821099731
deviation 5.142351470747986
deviation 5.104314285166687
deviation 5.066698230746108
deviation 5.029516752578939
deviation 4.99277905493235
deviation 4.956491090605358
deviation 4.920656323574532
deviation 4.885276316124608
deviation 4.850351180123814
deviation 4.815879923460811
deviation 4.781860715753123
deviation 4.748291091988861
deviation 4.715168108504228
deviation 4.682488462388621
deviation 4.650248582846366
deviation 4.618444701066077
deviation 4.5870729036249935
deviation 4.556129173283994
deviation 4.525609420128931
deviation 4.495509505323145
deviation 4.4658252592062
deviation 4.436552495067703
deviation 4.40768701961378
deviation 4.379224640905356
deviation 4.351161174364658
deviation 4.3234924473065455
deviation 4.296214302344115
deviation 4.2693225999360385
deviation 4.242813220280307
deviation 4.216682064710982
deviation 4.1909250567177825
deviation 4.1655381426801465
deviation 4.140517292385883
deviation 4.115858499388005
deviation 4.091557781240714
deviation 4.067611179645831
deviation 4.044014760533583
deviation 4.020764614095979
deviation 3.997856854786654
deviation 3.975287621297775
deviation 3.953053076522027
deviation 3.9311494075057505
deviation 3.9095728253978206
larger than thresh
deviation 3.888319565397702
Saved 1 samples to: logs/maze2d-large-v1/plans/release_H256_T256_LimitsNormalizer_b1_condFalse/0/cur_rollout100.png
deviation 3.867385886705238
deviation 3.846768072474045
deviation 3.826462429769889
deviation 3.8047929797740916
deviation 3.781736233373689
deviation 3.7572712568273365
deviation 3.731379632904972
deviation 3.7040454341106375
deviation 3.6752552087727555
deviation 3.644997980905098
deviation 3.6133476117984875
deviation 3.5807106428893785
deviation 3.5473997897704845
deviation 3.5136551039373107
deviation 3.479660490168148
deviation 3.445556544426237
deviation 3.4114505008885896
deviation 3.3774239211841515
deviation 3.343538627929403
deviation 3.309841277376239
deviation 3.2763668797346464
deviation 3.243141507243313
deviation 3.2101843761532427
deviation 3.177509446626686
deviation 3.1451266517303496
deviation 3.1130428412373807
deviation 3.0812625062483887
deviation 3.0497883354246915
deviation 3.0186216418927034
deviation 2.9877626908401402
deviation 2.957210950869106
deviation 2.9269652868218947
deviation 2.8970241076835825
deviation 2.8673854800062335
deviation 2.838047214872843
deviation 2.8090069345556063
deviation 2.7802621235923075
deviation 2.7518101679062017
deviation 2.7236483847516313
deviation 2.6957740456204955
deviation 2.6681843937480085
deviation 2.6553364171748544
deviation 2.6421170437643924
deviation 2.6289522365283884
deviation 2.6158722776109204
deviation 2.6029051630442455
deviation 2.590071351553235
deviation 2.5773857180878457
deviation 2.564858917102024
deviation 2.5524952315276788
Saved 1 samples to: logs/maze2d-large-v1/plans/release_H256_T256_LimitsNormalizer_b1_condFalse/0/cur_rollout150.png
deviation 2.540296232555076
deviation 2.5282668177443606
deviation 2.5164117402531536
deviation 2.504734188451845
deviation 2.493235624199582
deviation 2.4819161391106275
deviation 2.4707748902328057
deviation 2.459810449285834
deviation 2.449021040672956
deviation 2.4384046910888
deviation 2.4279593195547737
deviation 2.4165640864816433
deviation 2.4035066197758495
deviation 2.3887676980574346
deviation 2.372332017161195
deviation 2.354212334358393
deviation 2.334851756711671
deviation 2.314591868558273
deviation 2.2936954666759424
deviation 2.2723643771438518
deviation 2.2507533423121693
deviation 2.228980802412199
deviation 2.2071372422198188
deviation 2.185291638921597
deviation 2.163496435181097
deviation 2.141791370093246
deviation 2.120206427606379
deviation 2.098764104119883
deviation 2.077481151520657
deviation 2.056369916440906
deviation 2.0354393689354815
deviation 2.0146958923989238
deviation 1.9941438900132225
deviation 1.9737862502600134
deviation 1.9536247041980586
deviation 1.933660099635872
deviation 1.9138926115045465
deviation 1.8943219032572087
deviation 1.8749472506795553
deviation 1.8557676368516214
deviation 1.8367818249699968
deviation 1.8179884141802152
deviation 1.799385882371732
deviation 1.7809726189687975
deviation 1.7627469500450819
deviation 1.7447071575484048
deviation 1.7268514940064024
deviation 1.7091781937650345
deviation 1.6916854815671196
deviation 1.674371579090265
Saved 1 samples to: logs/maze2d-large-v1/plans/release_H256_T256_LimitsNormalizer_b1_condFalse/0/cur_rollout200.png
deviation 1.6572347099194598
deviation 1.6402731033190172
deviation 1.623484997083669
deviation 1.606868639683539
deviation 1.5904222918677327
deviation 1.5741442278529434
deviation 1.5580327361940765
deviation 1.5420861204112999
deviation 1.5263026994306164
deviation 1.510680807881772
deviation 1.4952187962870995
deviation 1.479915031167088
deviation 1.4647678950824576
deviation 1.4497757866279075
deviation 1.4349371203891848
deviation 1.420250326872393
deviation 1.40571385241239
deviation 1.3913261590655202
deviation 1.3770857244907073
deviation 1.3629910418219926
deviation 1.3490406195348736
deviation 1.3352329813082577
deviation 1.3215666658834158
deviation 1.3080402269209854
deviation 1.2946522328568455
deviation 1.281401266757465
deviation 1.2682859261752035
deviation 1.2553048230039208
deviation 1.2424565833351582
deviation 1.2297398473151064
deviation 1.2171532690025004
deviation 1.2046955162275677
deviation 1.1923652704521022
deviation 1.1801612266307369
deviation 1.1680820930734457
deviation 1.1561265913093164
deviation 1.144293455951609
deviation 1.1325814345641085
deviation 1.1209892875287877
deviation 1.109515787914768
deviation 1.0981597213485943
deviation 1.0869198858857971
deviation 1.075795091883756
deviation 1.0693888489618064
deviation 1.0629012710860246
deviation 1.0564811302830128
deviation 1.0501285941898355
deviation 1.0438495084270978
deviation 1.0376487248790143
deviation 1.0315299598085275
Saved 1 samples to: logs/maze2d-large-v1/plans/release_H256_T256_LimitsNormalizer_b1_condFalse/0/cur_rollout250.png
deviation 1.0254953217500076
deviation 1.019545695012397
deviation 1.013681266556416
deviation 1.0079018052660378
deviation 1.0018188695633519
deviation 0.9948287170201077
Local repair needed; replanning
Replanning RRT*…
RRT* failed: no path within max_iter
deviation 0.9879402775701958
Local repair needed; replanning
Replanning RRT*…
RRT* failed: no path within max_iter
deviation 0.9805653550462868
Local repair needed; replanning
Replanning RRT*…
current path is [(6.337124658729975, 8.20486549608122), (6.521687421319192, 8.281914744393168), (6.5031092540361355, 8.481050004205192), (6.477981128062331, 8.679465168154536), (6.555694561801795, 8.86374924835796), (6.747097224693425, 8.921758046294077), (6.946710601024342, 8.934187848777288), (6.946710601024342, 8.934187848777288), (6.946710601024342, 8.934187848777288), (6.946710601024342, 8.934187848777288), (6.946710601024342, 8.934187848777288), (6.946710601024342, 8.934187848777288), (6.946710601024342, 8.934187848777288), (6.946710601024342, 8.934187848777288), (6.946710601024342, 8.934187848777288), (6.946710601024342, 8.934187848777288), (6.946710601024342, 8.934187848777288), (6.946710601024342, 8.934187848777288), (6.946710601024342, 8.934187848777288), (6.946710601024342, 8.934187848777288), (6.946710601024342, 8.934187848777288), (6.946710601024342, 8.934187848777288), (6.946710601024342, 8.934187848777288), (6.946710601024342, 8.934187848777288), (6.946710601024342, 8.934187848777288), (6.946710601024342, 8.934187848777288), (6.946710601024342, 8.934187848777288), (6.946710601024342, 8.934187848777288), (6.946710601024342, 8.934187848777288), (6.946710601024342, 8.934187848777288), (6.946710601024342, 8.934187848777288), (6.946710601024342, 8.934187848777288), (6.946710601024342, 8.934187848777288), (6.946710601024342, 8.934187848777288), (6.946710601024342, 8.934187848777288), (6.946710601024342, 8.934187848777288), (6.946710601024342, 8.934187848777288), (6.946710601024342, 8.934187848777288), (6.946710601024342, 8.934187848777288), (6.946710601024342, 8.934187848777288), (6.946710601024342, 8.934187848777288), (6.946710601024342, 8.934187848777288), (6.946710601024342, 8.934187848777288), (6.946710601024342, 8.934187848777288), (6.946710601024342, 8.934187848777288), (6.946710601024342, 8.934187848777288), (6.946710601024342, 8.934187848777288), (6.946710601024342, 8.934187848777288), (6.946710601024342, 8.934187848777288), (6.946710601024342, 8.934187848777288), (6.946710601024342, 8.934187848777288), (6.946710601024342, 8.934187848777288), (6.946710601024342, 8.934187848777288), (6.946710601024342, 8.934187848777288), (6.946710601024342, 8.934187848777288), (6.946710601024342, 8.934187848777288), (6.946710601024342, 8.934187848777288), (6.946710601024342, 8.934187848777288), (6.946710601024342, 8.934187848777288), (6.946710601024342, 8.934187848777288), (6.946710601024342, 8.934187848777288), (6.946710601024342, 8.934187848777288), (6.946710601024342, 8.934187848777288), (6.946710601024342, 8.934187848777288), (6.946710601024342, 8.934187848777288), (6.946710601024342, 8.934187848777288), (6.946710601024342, 8.934187848777288), (6.946710601024342, 8.934187848777288), (6.946710601024342, 8.934187848777288), (6.946710601024342, 8.934187848777288), (6.946710601024342, 8.934187848777288), (6.946710601024342, 8.934187848777288), (6.946710601024342, 8.934187848777288), (6.946710601024342, 8.934187848777288), (6.946710601024342, 8.934187848777288), (6.946710601024342, 8.934187848777288), (6.946710601024342, 8.934187848777288), (6.946710601024342, 8.934187848777288), (6.946710601024342, 8.934187848777288), (6.946710601024342, 8.934187848777288), (6.946710601024342, 8.934187848777288), (6.946710601024342, 8.934187848777288), (6.946710601024342, 8.934187848777288), (6.946710601024342, 8.934187848777288), (6.946710601024342, 8.934187848777288), (6.946710601024342, 8.934187848777288), (6.946710601024342, 8.934187848777288), (6.946710601024342, 8.934187848777288), (6.946710601024342, 8.934187848777288), (6.946710601024342, 8.934187848777288), (6.946710601024342, 8.934187848777288), (6.946710601024342, 8.934187848777288), (6.946710601024342, 8.934187848777288), (6.946710601024342, 8.934187848777288), (6.946710601024342, 8.934187848777288), (6.946710601024342, 8.934187848777288), (6.946710601024342, 8.934187848777288), (6.946710601024342, 8.934187848777288), (6.946710601024342, 8.934187848777288), (6.946710601024342, 8.934187848777288), (6.946710601024342, 8.934187848777288), (6.946710601024342, 8.934187848777288), (6.946710601024342, 8.934187848777288), (6.946710601024342, 8.934187848777288), (6.946710601024342, 8.934187848777288), (6.946710601024342, 8.934187848777288), (6.946710601024342, 8.934187848777288), (6.946710601024342, 8.934187848777288), (6.946710601024342, 8.934187848777288), (6.946710601024342, 8.934187848777288), (6.946710601024342, 8.934187848777288), (6.946710601024342, 8.934187848777288), (6.946710601024342, 8.934187848777288), (6.946710601024342, 8.934187848777288), (6.946710601024342, 8.934187848777288), (6.946710601024342, 8.934187848777288), (6.946710601024342, 8.934187848777288), (6.946710601024342, 8.934187848777288), (6.946710601024342, 8.934187848777288), (6.946710601024342, 8.934187848777288), (6.946710601024342, 8.934187848777288), (6.946710601024342, 8.934187848777288), (6.946710601024342, 8.934187848777288), (6.946710601024342, 8.934187848777288), (6.946710601024342, 8.934187848777288), (6.946710601024342, 8.934187848777288), (6.946710601024342, 8.934187848777288), (6.946710601024342, 8.934187848777288), (6.946710601024342, 8.934187848777288), (6.946710601024342, 8.934187848777288), (6.946710601024342, 8.934187848777288), (6.946710601024342, 8.934187848777288), (6.946710601024342, 8.934187848777288), (6.946710601024342, 8.934187848777288), (6.946710601024342, 8.934187848777288), (6.946710601024342, 8.934187848777288), (6.946710601024342, 8.934187848777288), (6.946710601024342, 8.934187848777288), (6.946710601024342, 8.934187848777288), (6.946710601024342, 8.934187848777288), (6.946710601024342, 8.934187848777288), (6.946710601024342, 8.934187848777288), (6.946710601024342, 8.934187848777288), (6.946710601024342, 8.934187848777288), (6.946710601024342, 8.934187848777288), (6.946710601024342, 8.934187848777288), (6.946710601024342, 8.934187848777288), (6.946710601024342, 8.934187848777288), (6.946710601024342, 8.934187848777288), (6.946710601024342, 8.934187848777288), (6.946710601024342, 8.934187848777288), (6.946710601024342, 8.934187848777288), (6.946710601024342, 8.934187848777288), (6.946710601024342, 8.934187848777288), (6.946710601024342, 8.934187848777288), (6.946710601024342, 8.934187848777288), (6.946710601024342, 8.934187848777288), (6.946710601024342, 8.934187848777288), (6.946710601024342, 8.934187848777288), (6.946710601024342, 8.934187848777288), (6.946710601024342, 8.934187848777288), (6.946710601024342, 8.934187848777288), (6.946710601024342, 8.934187848777288), (6.946710601024342, 8.934187848777288), (6.946710601024342, 8.934187848777288), (6.946710601024342, 8.934187848777288), (6.946710601024342, 8.934187848777288), (6.946710601024342, 8.934187848777288), (6.946710601024342, 8.934187848777288), (6.946710601024342, 8.934187848777288), (6.946710601024342, 8.934187848777288), (6.946710601024342, 8.934187848777288), (6.946710601024342, 8.934187848777288), (6.946710601024342, 8.934187848777288), (6.946710601024342, 8.934187848777288), (6.946710601024342, 8.934187848777288), (6.946710601024342, 8.934187848777288), (6.946710601024342, 8.934187848777288), (6.946710601024342, 8.934187848777288), (6.946710601024342, 8.934187848777288), (6.946710601024342, 8.934187848777288), (6.946710601024342, 8.934187848777288), (6.946710601024342, 8.934187848777288), (6.946710601024342, 8.934187848777288), (6.946710601024342, 8.934187848777288), (6.946710601024342, 8.934187848777288), (6.946710601024342, 8.934187848777288), (6.946710601024342, 8.934187848777288), (6.946710601024342, 8.934187848777288), (6.946710601024342, 8.934187848777288), (6.946710601024342, 8.934187848777288), (6.946710601024342, 8.934187848777288), (6.946710601024342, 8.934187848777288), (6.946710601024342, 8.934187848777288), (6.946710601024342, 8.934187848777288), (6.946710601024342, 8.934187848777288), (6.946710601024342, 8.934187848777288), (6.946710601024342, 8.934187848777288), (6.946710601024342, 8.934187848777288), (6.946710601024342, 8.934187848777288), (6.946710601024342, 8.934187848777288), (6.946710601024342, 8.934187848777288), (6.946710601024342, 8.934187848777288), (6.946710601024342, 8.934187848777288), (6.946710601024342, 8.934187848777288), (6.946710601024342, 8.934187848777288), (6.946710601024342, 8.934187848777288), (6.946710601024342, 8.934187848777288), (6.946710601024342, 8.934187848777288), (6.946710601024342, 8.934187848777288), (6.946710601024342, 8.934187848777288), (6.946710601024342, 8.934187848777288), (6.946710601024342, 8.934187848777288), (6.946710601024342, 8.934187848777288), (6.946710601024342, 8.934187848777288), (6.946710601024342, 8.934187848777288), (6.946710601024342, 8.934187848777288), (6.946710601024342, 8.934187848777288), (6.946710601024342, 8.934187848777288), (6.946710601024342, 8.934187848777288), (6.946710601024342, 8.934187848777288), (6.946710601024342, 8.934187848777288), (6.946710601024342, 8.934187848777288), (6.946710601024342, 8.934187848777288), (6.946710601024342, 8.934187848777288), (6.946710601024342, 8.934187848777288), (6.946710601024342, 8.934187848777288), (6.946710601024342, 8.934187848777288), (6.946710601024342, 8.934187848777288), (6.946710601024342, 8.934187848777288), (6.946710601024342, 8.934187848777288), (6.946710601024342, 8.934187848777288), (6.946710601024342, 8.934187848777288), (6.946710601024342, 8.934187848777288), (6.946710601024342, 8.934187848777288), (6.946710601024342, 8.934187848777288), (6.946710601024342, 8.934187848777288), (6.946710601024342, 8.934187848777288), (6.946710601024342, 8.934187848777288), (6.946710601024342, 8.934187848777288), (6.946710601024342, 8.934187848777288), (6.946710601024342, 8.934187848777288), (6.946710601024342, 8.934187848777288), (6.946710601024342, 8.934187848777288), (6.946710601024342, 8.934187848777288), (6.946710601024342, 8.934187848777288), (6.946710601024342, 8.934187848777288), (6.946710601024342, 8.934187848777288), (6.946710601024342, 8.934187848777288), (6.946710601024342, 8.934187848777288), (6.946710601024342, 8.934187848777288), (6.946710601024342, 8.934187848777288), (6.946710601024342, 8.934187848777288), (6.946710601024342, 8.934187848777288), (6.946710601024342, 8.934187848777288), (6.946710601024342, 8.934187848777288)]
New path length: 256 waypoints
deviation 0.19333079961207125
deviation 0.3127678664165389
deviation 0.48408036212942224
deviation 0.678140463758926
deviation 0.8019884821896187
deviation 0.9182444143897254
deviation 0.9113346369301084
deviation 0.9039174626555437
deviation 0.8961322171813113
deviation 0.8880857491692049
deviation 0.8798599218938732
deviation 0.8715173896399698
deviation 0.8631060463323065
deviation 0.8546624485761711
deviation 0.8462144478000401
deviation 0.8377832132208721
deviation 0.8293847860222854
deviation 0.82103127302713
deviation 0.8127317632780773
deviation 0.8044930317235517
deviation 0.7963200793823011
deviation 0.7882165479386447
deviation 0.7801850379292767
deviation 0.7722273529207003
deviation 0.764344686878326
deviation 0.7565377679340767
deviation 0.7488069686911658
deviation 0.7411523908484636
deviation 0.7335739301177236
deviation 0.7260713260180254
deviation 0.7186442000656854
deviation 0.7112920850595679
deviation 0.7040144475336954
deviation 0.6968107049670822
deviation 0.6896802389708065
deviation 0.6826224053885213
deviation 0.6756365420287546
deviation 0.6687219745802246
deviation 0.6618780211331438
deviation 0.6551039956310509
deviation 0.6483992105022001
deviation 0.641762978661598
Saved 1 samples to: logs/maze2d-large-v1/plans/release_H256_T256_LimitsNormalizer_b1_condFalse/0/cur_rollout300.png
deviation 0.6351946150302995
deviation 0.6286934376844728
deviation 0.6222587687205458
deviation 0.6158899349026703
deviation 0.6095862681433258
deviation 0.603347105856055
deviation 0.5971717912102502
deviation 0.5910596733109406
deviation 0.5850101073212014
deviation 0.579022454540684
deviation 0.5730960824506426
deviation 0.5672303647334127
deviation 0.5614246812724271
deviation 0.5556784181374649
deviation 0.5499909675587125
deviation 0.5443617278923978
deviation 0.538790103580091
deviation 0.5332755051033113
deviation 0.5278173489346616
deviation 0.5224150574864548
deviation 0.5170680590575463
deviation 0.5117757877789393
deviation 0.5065376835585829
deviation 0.5013531920256894
deviation 0.49622176447482474
deviation 0.4911428578099458
deviation 0.4861159344885495
deviation 0.4811404624660243
deviation 0.47621591514029654
deviation 0.47134177129682436
deviation 0.466517515053999
deviation 0.4617426358089758
deviation 0.4570166281839614
deviation 0.4523389919729782
deviation 0.4477092320891177
deviation 0.44312685851228945
deviation 0.43859138623747196
deviation 0.4341023352234658
deviation 0.42965923034215553
deviation 0.42526160132827145
deviation 0.42090898272965527
deviation 0.4166009138580281
deviation 0.4123369387402516
deviation 0.40811660607008826
deviation 0.4039394691604461
deviation 0.39980508589611025
deviation 0.3957130186869602
deviation 0.39166283442165656
deviation 0.38765410442180837
deviation 0.3836864043966014
Saved 1 samples to: logs/maze2d-large-v1/plans/release_H256_T256_LimitsNormalizer_b1_condFalse/0/cur_rollout350.png
deviation 0.3797593143978976
deviation 0.3758724187757835
deviation 0.37202530613458207
deviation 0.36821756928931326
deviation 0.3644488052225941
deviation 0.3607186150419857
deviation 0.35702660393777214
deviation 0.3533723811411757
deviation 0.3497555598829961
deviation 0.346175757352676
deviation 0.3426325946577832
deviation 0.33912569678390747
deviation 0.3356546925549687
deviation 0.33221921459393133
deviation 0.328818899283922
deviation 0.32545338672974106
deviation 0.3221223207197721
deviation 0.3188253486882795
deviation 0.31556212167809433
deviation 0.3123322943036772
deviation 0.30913552471456374
deviation 0.3059714745591824
deviation 0.3028398089490415
deviation 0.2997401964232862
deviation 0.29667230891361474
deviation 0.2936358217095559
deviation 0.2906304134241002
deviation 0.2876557659596827
deviation 0.28471156447451906
deviation 0.2817974973492778
deviation 0.2789132561541005
deviation 0.2760585356159565
deviation 0.2732330335863311
deviation 0.2704364510092462
deviation 0.2676684918896108
deviation 0.26492886326188714
deviation 0.26221727515908605
deviation 0.25953344058207517
deviation 0.25687707546920396
deviation 0.2542478986662367
deviation 0.25164563189659395
deviation 0.2490699997319009
deviation 0.24652072956283705
deviation 0.24399755157027656
deviation 0.24150019869673703
deviation 0.2390284066181112
deviation 0.23658191371568715
deviation 0.23416046104846497
deviation 0.23176379232574484
deviation 0.22939165388000085
Saved 1 samples to: logs/maze2d-large-v1/plans/release_H256_T256_LimitsNormalizer_b1_condFalse/0/cur_rollout400.png
deviation 0.2270437946400349
deviation 0.2247199661044018
deviation 0.22241992231510652
deviation 0.22014341983157273
deviation 0.21789021770487485
deviation 0.215660077452239
deviation 0.2134527630317998
deviation 0.2112680408176143
deviation 0.209105679574941
deviation 0.20696545043575804
deviation 0.20484712687454648
deviation 0.20275048468431053
deviation 0.20067530195284797
deviation 0.198621359039261
deviation 0.1965884385507122
deviation 0.19457632531941238
deviation 0.19258480637985026
deviation 0.19061367094624576
deviation 0.18866271039024904
deviation 0.18673171821885004
deviation 0.18482049005252738
deviation 0.18292882360361795
deviation 0.18105651865490144
deviation 0.1792033770384137
deviation 0.1773692026144706
deviation 0.17555380125090717
deviation 0.1737569808025328
deviation 0.17197855109079063
deviation 0.17021832388363398
deviation 0.1684761128755965
deviation 0.1667517336680796
deviation 0.16504500374983416
deviation 0.16335574247763937
deviation 0.16168377105718712
deviation 0.16002891252415744
deviation 0.15839099172548682
deviation 0.15676983530083155
deviation 0.15516527166421623
deviation 0.15357713098587558
deviation 0.1520052451742802
deviation 0.15044944785834047
deviation 0.1489095743698012
deviation 0.14738546172581524
deviation 0.1458769486116872
deviation 0.14438387536380332
deviation 0.14290608395273352
deviation 0.14144341796650212
deviation 0.13999572259403373
deviation 0.1385628446087698
deviation 0.1371446323524478
Saved 1 samples to: logs/maze2d-large-v1/plans/release_H256_T256_LimitsNormalizer_b1_condFalse/0/cur_rollout450.png
deviation 0.13574093571905227
deviation 0.13435160613892677
deviation 0.13297649656304683
deviation 0.13161546144745762
deviation 0.1302683567378705
deviation 0.12893503985441482
deviation 0.12761536967654558
deviation 0.12630920652811023
deviation 0.12501641216256282
deviation 0.12373684974833195
deviation 0.1224703838543382
deviation 0.12121688043566202
deviation 0.11997620681935177
deviation 0.11874823169038684
deviation 0.11753282507777513
deviation 0.11632985834079682
deviation 0.1151392041553909
deviation 0.11396073650067876
deviation 0.112794330645624
deviation 0.11163986313583196
deviation 0.110497211780482
deviation 0.10936625563939696
deviation 0.108246875010241
deviation 0.1071389514158491
deviation 0.10604236759168953
deviation 0.10495700747345203
deviation 0.10388275618476012
deviation 0.10281950002501684
deviation 0.10176712645736828
deviation 0.1007255240967938
deviation 0.09969458269831183
deviation 0.09867419314531987
deviation 0.09766424743803842
deviation 0.09666463868208268
deviation 0.09567526107714794
deviation 0.09469600990581427
deviation 0.09372678152245977
deviation 0.09276747334229002
deviation 0.09181798383048384
deviation 0.09087821249144468
deviation 0.0899480598581619
deviation 0.08902742748168824
deviation 0.08811621792071397
deviation 0.08721433473125764
deviation 0.0863216824564569
deviation 0.08543816661646615
deviation 0.08456369369845392
deviation 0.08369817114670731
deviation 0.08284150735283645
deviation 0.08199361164607775
Saved 1 samples to: logs/maze2d-large-v1/plans/release_H256_T256_LimitsNormalizer_b1_condFalse/0/cur_rollout500.png
deviation 0.08115439428369649
deviation 0.08032376644148902
deviation 0.07950164020438086
deviation 0.07868792855712203
deviation 0.07788254537507626
deviation 0.07708540541510837
deviation 0.07629642430655925
deviation 0.07551551854231417
deviation 0.07474260546996976
deviation 0.07397760328308263
deviation 0.07322043101251055
deviation 0.07247100851784138
deviation 0.07172925647891464
deviation 0.07099509638742295
Local repair needed; replanning
Replanning RRT*…
current path is [(6.9021546331767265, 8.878915166191568), (6.9021546331767265, 8.878915166191568), (6.9021546331767265, 8.878915166191568), (6.9021546331767265, 8.878915166191568), (6.9021546331767265, 8.878915166191568), (6.9021546331767265, 8.878915166191568), (6.9021546331767265, 8.878915166191568), (6.9021546331767265, 8.878915166191568), (6.9021546331767265, 8.878915166191568), (6.9021546331767265, 8.878915166191568), (6.9021546331767265, 8.878915166191568), (6.9021546331767265, 8.878915166191568), (6.9021546331767265, 8.878915166191568), (6.9021546331767265, 8.878915166191568), (6.9021546331767265, 8.878915166191568), (6.9021546331767265, 8.878915166191568), (6.9021546331767265, 8.878915166191568), (6.9021546331767265, 8.878915166191568), (6.9021546331767265, 8.878915166191568), (6.9021546331767265, 8.878915166191568), (6.9021546331767265, 8.878915166191568), (6.9021546331767265, 8.878915166191568), (6.9021546331767265, 8.878915166191568), (6.9021546331767265, 8.878915166191568), (6.9021546331767265, 8.878915166191568), (6.9021546331767265, 8.878915166191568), (6.9021546331767265, 8.878915166191568), (6.9021546331767265, 8.878915166191568), (6.9021546331767265, 8.878915166191568), (6.9021546331767265, 8.878915166191568), (6.9021546331767265, 8.878915166191568), (6.9021546331767265, 8.878915166191568), (6.9021546331767265, 8.878915166191568), (6.9021546331767265, 8.878915166191568), (6.9021546331767265, 8.878915166191568), (6.9021546331767265, 8.878915166191568), (6.9021546331767265, 8.878915166191568), (6.9021546331767265, 8.878915166191568), (6.9021546331767265, 8.878915166191568), (6.9021546331767265, 8.878915166191568), (6.9021546331767265, 8.878915166191568), (6.9021546331767265, 8.878915166191568), (6.9021546331767265, 8.878915166191568), (6.9021546331767265, 8.878915166191568), (6.9021546331767265, 8.878915166191568), (6.9021546331767265, 8.878915166191568), (6.9021546331767265, 8.878915166191568), (6.9021546331767265, 8.878915166191568), (6.9021546331767265, 8.878915166191568), (6.9021546331767265, 8.878915166191568), (6.9021546331767265, 8.878915166191568), (6.9021546331767265, 8.878915166191568), (6.9021546331767265, 8.878915166191568), (6.9021546331767265, 8.878915166191568), (6.9021546331767265, 8.878915166191568), (6.9021546331767265, 8.878915166191568), (6.9021546331767265, 8.878915166191568), (6.9021546331767265, 8.878915166191568), (6.9021546331767265, 8.878915166191568), (6.9021546331767265, 8.878915166191568), (6.9021546331767265, 8.878915166191568), (6.9021546331767265, 8.878915166191568), (6.9021546331767265, 8.878915166191568), (6.9021546331767265, 8.878915166191568), (6.9021546331767265, 8.878915166191568), (6.9021546331767265, 8.878915166191568), (6.9021546331767265, 8.878915166191568), (6.9021546331767265, 8.878915166191568), (6.9021546331767265, 8.878915166191568), (6.9021546331767265, 8.878915166191568), (6.9021546331767265, 8.878915166191568), (6.9021546331767265, 8.878915166191568), (6.9021546331767265, 8.878915166191568), (6.9021546331767265, 8.878915166191568), (6.9021546331767265, 8.878915166191568), (6.9021546331767265, 8.878915166191568), (6.9021546331767265, 8.878915166191568), (6.9021546331767265, 8.878915166191568), (6.9021546331767265, 8.878915166191568), (6.9021546331767265, 8.878915166191568), (6.9021546331767265, 8.878915166191568), (6.9021546331767265, 8.878915166191568), (6.9021546331767265, 8.878915166191568), (6.9021546331767265, 8.878915166191568), (6.9021546331767265, 8.878915166191568), (6.9021546331767265, 8.878915166191568), (6.9021546331767265, 8.878915166191568), (6.9021546331767265, 8.878915166191568), (6.9021546331767265, 8.878915166191568), (6.9021546331767265, 8.878915166191568), (6.9021546331767265, 8.878915166191568), (6.9021546331767265, 8.878915166191568), (6.9021546331767265, 8.878915166191568), (6.9021546331767265, 8.878915166191568), (6.9021546331767265, 8.878915166191568), (6.9021546331767265, 8.878915166191568), (6.9021546331767265, 8.878915166191568), (6.9021546331767265, 8.878915166191568), (6.9021546331767265, 8.878915166191568), (6.9021546331767265, 8.878915166191568), (6.9021546331767265, 8.878915166191568), (6.9021546331767265, 8.878915166191568), (6.9021546331767265, 8.878915166191568), (6.9021546331767265, 8.878915166191568), (6.9021546331767265, 8.878915166191568), (6.9021546331767265, 8.878915166191568), (6.9021546331767265, 8.878915166191568), (6.9021546331767265, 8.878915166191568), (6.9021546331767265, 8.878915166191568), (6.9021546331767265, 8.878915166191568), (6.9021546331767265, 8.878915166191568), (6.9021546331767265, 8.878915166191568), (6.9021546331767265, 8.878915166191568), (6.9021546331767265, 8.878915166191568), (6.9021546331767265, 8.878915166191568), (6.9021546331767265, 8.878915166191568), (6.9021546331767265, 8.878915166191568), (6.9021546331767265, 8.878915166191568), (6.9021546331767265, 8.878915166191568), (6.9021546331767265, 8.878915166191568), (6.9021546331767265, 8.878915166191568), (6.9021546331767265, 8.878915166191568), (6.9021546331767265, 8.878915166191568), (6.9021546331767265, 8.878915166191568), (6.9021546331767265, 8.878915166191568), (6.9021546331767265, 8.878915166191568), (6.9021546331767265, 8.878915166191568), (6.9021546331767265, 8.878915166191568), (6.9021546331767265, 8.878915166191568), (6.9021546331767265, 8.878915166191568), (6.9021546331767265, 8.878915166191568), (6.9021546331767265, 8.878915166191568), (6.9021546331767265, 8.878915166191568), (6.9021546331767265, 8.878915166191568), (6.9021546331767265, 8.878915166191568), (6.9021546331767265, 8.878915166191568), (6.9021546331767265, 8.878915166191568), (6.9021546331767265, 8.878915166191568), (6.9021546331767265, 8.878915166191568), (6.9021546331767265, 8.878915166191568), (6.9021546331767265, 8.878915166191568), (6.9021546331767265, 8.878915166191568), (6.9021546331767265, 8.878915166191568), (6.9021546331767265, 8.878915166191568), (6.9021546331767265, 8.878915166191568), (6.9021546331767265, 8.878915166191568), (6.9021546331767265, 8.878915166191568), (6.9021546331767265, 8.878915166191568), (6.9021546331767265, 8.878915166191568), (6.9021546331767265, 8.878915166191568), (6.9021546331767265, 8.878915166191568), (6.9021546331767265, 8.878915166191568), (6.9021546331767265, 8.878915166191568), (6.9021546331767265, 8.878915166191568), (6.9021546331767265, 8.878915166191568), (6.9021546331767265, 8.878915166191568), (6.9021546331767265, 8.878915166191568), (6.9021546331767265, 8.878915166191568), (6.9021546331767265, 8.878915166191568), (6.9021546331767265, 8.878915166191568), (6.9021546331767265, 8.878915166191568), (6.9021546331767265, 8.878915166191568), (6.9021546331767265, 8.878915166191568), (6.9021546331767265, 8.878915166191568), (6.9021546331767265, 8.878915166191568), (6.9021546331767265, 8.878915166191568), (6.9021546331767265, 8.878915166191568), (6.9021546331767265, 8.878915166191568), (6.9021546331767265, 8.878915166191568), (6.9021546331767265, 8.878915166191568), (6.9021546331767265, 8.878915166191568), (6.9021546331767265, 8.878915166191568), (6.9021546331767265, 8.878915166191568), (6.9021546331767265, 8.878915166191568), (6.9021546331767265, 8.878915166191568), (6.9021546331767265, 8.878915166191568), (6.9021546331767265, 8.878915166191568), (6.9021546331767265, 8.878915166191568), (6.9021546331767265, 8.878915166191568), (6.9021546331767265, 8.878915166191568), (6.9021546331767265, 8.878915166191568), (6.9021546331767265, 8.878915166191568), (6.9021546331767265, 8.878915166191568), (6.9021546331767265, 8.878915166191568), (6.9021546331767265, 8.878915166191568), (6.9021546331767265, 8.878915166191568), (6.9021546331767265, 8.878915166191568), (6.9021546331767265, 8.878915166191568), (6.9021546331767265, 8.878915166191568), (6.9021546331767265, 8.878915166191568), (6.9021546331767265, 8.878915166191568), (6.9021546331767265, 8.878915166191568), (6.9021546331767265, 8.878915166191568), (6.9021546331767265, 8.878915166191568), (6.9021546331767265, 8.878915166191568), (6.9021546331767265, 8.878915166191568), (6.9021546331767265, 8.878915166191568), (6.9021546331767265, 8.878915166191568), (6.9021546331767265, 8.878915166191568), (6.9021546331767265, 8.878915166191568), (6.9021546331767265, 8.878915166191568), (6.9021546331767265, 8.878915166191568), (6.9021546331767265, 8.878915166191568), (6.9021546331767265, 8.878915166191568), (6.9021546331767265, 8.878915166191568), (6.9021546331767265, 8.878915166191568), (6.9021546331767265, 8.878915166191568), (6.9021546331767265, 8.878915166191568), (6.9021546331767265, 8.878915166191568), (6.9021546331767265, 8.878915166191568), (6.9021546331767265, 8.878915166191568), (6.9021546331767265, 8.878915166191568), (6.9021546331767265, 8.878915166191568), (6.9021546331767265, 8.878915166191568), (6.9021546331767265, 8.878915166191568), (6.9021546331767265, 8.878915166191568), (6.9021546331767265, 8.878915166191568), (6.9021546331767265, 8.878915166191568), (6.9021546331767265, 8.878915166191568), (6.9021546331767265, 8.878915166191568), (6.9021546331767265, 8.878915166191568), (6.9021546331767265, 8.878915166191568), (6.9021546331767265, 8.878915166191568), (6.9021546331767265, 8.878915166191568), (6.9021546331767265, 8.878915166191568), (6.9021546331767265, 8.878915166191568), (6.9021546331767265, 8.878915166191568), (6.9021546331767265, 8.878915166191568), (6.9021546331767265, 8.878915166191568), (6.9021546331767265, 8.878915166191568), (6.9021546331767265, 8.878915166191568), (6.9021546331767265, 8.878915166191568), (6.9021546331767265, 8.878915166191568), (6.9021546331767265, 8.878915166191568), (6.9021546331767265, 8.878915166191568), (6.9021546331767265, 8.878915166191568), (6.9021546331767265, 8.878915166191568), (6.9021546331767265, 8.878915166191568), (6.9021546331767265, 8.878915166191568), (6.9021546331767265, 8.878915166191568), (6.9021546331767265, 8.878915166191568), (6.9021546331767265, 8.878915166191568), (6.9021546331767265, 8.878915166191568), (6.9021546331767265, 8.878915166191568), (6.9021546331767265, 8.878915166191568), (6.9021546331767265, 8.878915166191568), (6.9021546331767265, 8.878915166191568), (6.9021546331767265, 8.878915166191568), (6.9021546331767265, 8.878915166191568), (6.9021546331767265, 8.878915166191568), (6.9021546331767265, 8.878915166191568), (6.9021546331767265, 8.878915166191568), (6.9021546331767265, 8.878915166191568), (6.9021546331767265, 8.878915166191568), (6.9021546331767265, 8.878915166191568), (6.9021546331767265, 8.878915166191568)]
New path length: 256 waypoints
deviation 0.0005575612008013697
deviation 0.0009796756664531103
deviation 0.001297919172684994
deviation 0.0015365194682036311
deviation 0.0017140661076322616
deviation 0.00184482242001012
deviation 0.0019397321927038676
deviation 0.0020071921080043755
deviation 0.0020536444398735506
deviation 0.0020840318348693656
deviation 0.002102146269136501
deviation 0.002110896805855538
deviation 0.002112515047631077
deviation 0.002108712781698358
deviation 0.002100802942302147
deviation 0.002089792426044634
deviation 0.002076453309794441
deviation 0.002061377496703218
deviation 0.002045018646479018
deviation 0.002027724348769796
deviation 0.0020097608100021957
deviation 0.001991331795740547
deviation 0.001972593165258852
deviation 0.001953664023979695
deviation 0.001934635280785032
deviation 0.001915576214050905
deviation 0.0018965395097732738
deviation 0.0018775651273096948
deviation 0.0018586832655468832
deviation 0.0018399166388170548
deviation 0.0018212822231727496
deviation 0.001802792596274694
deviation 0.0017844569654492787
deviation 0.0017662819564804545
deviation 0.0017482722188060882
deviation 0.0017304308898470591
Saved 1 samples to: logs/maze2d-large-v1/plans/release_H256_T256_LimitsNormalizer_b1_condFalse/0/cur_rollout550.png
deviation 0.0017127599512418404
deviation 0.0016952605021476315
deviation 0.001677932968898615
deviation 0.0016607772658329058
deviation 0.001643792918658616
deviation 0.0016269791590637149
deviation 0.001610334997273871
deviation 0.0015938592776784059
deviation 0.0015775507214750679
deviation 0.0015614079593500986
deviation 0.001545429556509491
deviation 0.00152961403184831
deviation 0.001513959872616625
deviation 0.0014984655456379012
deviation 0.0014831295058708063
deviation 0.0014679502029422333
deviation 0.0014529260861259176
deviation 0.0014380556081192587
deviation 0.0014233372279005032
deviation 0.0014087694128945623
deviation 0.001394350640588185
deviation 0.0013800793997356163
deviation 0.001365954191248303
deviation 0.001351973528840452
deviation 0.0013381359394870535
deviation 0.0013244399637473523
deviation 0.0013108841559687568
deviation 0.00129746708441307
deviation 0.0012841873313225044
deviation 0.001271043492931346
deviation 0.0012580341794440305
deviation 0.0012451580149818863
deviation 0.0012324136375184804
deviation 0.0012197996987844764
deviation 0.001207314864174969
deviation 0.0011949578126382399
deviation 0.0011827272365634003
deviation 0.0011706218416583293
deviation 0.001158640346831763
deviation 0.0011467814840687351
deviation 0.0011350439983029653
deviation 0.001123426647295065
deviation 0.001111928201500487
deviation 0.0011005474439474642
deviation 0.0010892831701107793
deviation 0.0010781341877869174
deviation 0.001067099316968125
deviation 0.0010561773897197913
deviation 0.0010453672500580985
deviation 0.001034667753828788
Saved 1 samples to: logs/maze2d-large-v1/plans/release_H256_T256_LimitsNormalizer_b1_condFalse/0/cur_rollout600.png
deviation 0.0010240777685842728
deviation 0.0010135961734684935
deviation 0.0010032218590954134
deviation 0.0009929537274341637
deviation 0.0009827906916880967
deviation 0.0009727316761871343
deviation 0.0009627756162695882
deviation 0.0009529214581700899
deviation 0.0009431681589075011
deviation 0.0009335146861781075
deviation 0.0009239600182402266
deviation 0.0009145031438132021
deviation 0.000905143061965066
deviation 0.0008958787820093247
deviation 0.0008867093233984434
deviation 0.0008776337156225714
deviation 0.0008686509981016431
deviation 0.0008597602200913088
deviation 0.0008509604405755928
deviation 0.0008422507281711721
deviation 0.0008336301610275075
deviation 0.0008250978267283568
deviation 0.000816652822198283
deviation 0.0008082942536014034
deviation 0.0008000212362545434
deviation 0.0007918328945251596
deviation 0.0007837283617472609
deviation 0.0007757067801215602
deviation 0.000767767300631396
deviation 0.0007599090829481479
deviation 0.0007521312953446596
deviation 0.0007444331146067654
deviation 0.0007368137259453312
deviation 0.0007292723229108129
deviation 0.0007218081073086435
deviation 0.0007144202891140596
deviation 0.0007071080863872198
deviation 0.000699870725191912
deviation 0.000692707439513995
deviation 0.0006856174711787239
deviation 0.0006786000697716884
deviation 0.0006716544925580788
deviation 0.0006647800044080625
deviation 0.0006579758777121695
deviation 0.0006512413923113752
deviation 0.0006445758354150044
deviation 0.0006379785015302359
deviation 0.000631448692383062
deviation 0.0006249857168486387
deviation 0.0006185888908725146
Saved 1 samples to: logs/maze2d-large-v1/plans/release_H256_T256_LimitsNormalizer_b1_condFalse/0/cur_rollout650.png
deviation 0.0006122575374059764
deviation 0.0006059909863256047
deviation 0.0005997885743689096
deviation 0.0005936496450630309
deviation 0.0005875735486545525
deviation 0.0005815596420368196
deviation 0.0005756072886886292
deviation 0.0005697158586018158
deviation 0.0005638847282171759
deviation 0.000558113280358432
deviation 0.0005524009041670428
deviation 0.00054674699503369
deviation 0.0005411509545388887
deviation 0.0005356121903886443
deviation 0.0005301301163509142
deviation 0.0005247041521937407
deviation 0.0005193337236231172
deviation 0.0005140182622238879
deviation 0.0005087572053981696
deviation 0.000503549996307078
deviation 0.0004983960838108223
deviation 0.0004932949224096051
deviation 0.00048824597218813403
deviation 0.00048324869875792585
deviation 0.00047830257319738046
deviation 0.0004734070720012885
deviation 0.00046856167702146297
deviation 0.00046376587541236607
deviation 0.00045901915957785117
deviation 0.0004543210271173261
deviation 0.0004496709807736099
deviation 0.0004450685283774446
deviation 0.0004405131827975611
deviation 0.00043600446188686305
deviation 0.0004315418884360838
deviation 0.0004271249901177622
deviation 0.00042275329944101424
deviation 0.0004184263536977174
deviation 0.0004141436949158992
deviation 0.0004099048698128576
deviation 0.00040570942974411147
deviation 0.00040155693065734645
deviation 0.0003974469330433269
deviation 0.00039337900189370147
deviation 0.00038935270665302986
deviation 0.0003853676211702308
deviation 0.0003814233236558517
deviation 0.00037751939663962706
deviation 0.00037365542692386684
deviation 0.00036983100553824943
Saved 1 samples to: logs/maze2d-large-v1/plans/release_H256_T256_LimitsNormalizer_b1_condFalse/0/cur_rollout700.png
deviation 0.00036604572770041415
deviation 0.00036229919276963913
deviation 0.0003585910042071659
deviation 0.00035492076952987683
deviation 0.0003512881002758841
deviation 0.00034769261195626645
deviation 0.0003441339240192748
deviation 0.000340611659805125
deviation 0.00033712544651296877
deviation 0.0003336749151556866
deviation 0.0003302597005240929
deviation 0.0003268794411453202
deviation 0.0003235337792470456
deviation 0.0003202223607180834
deviation 0.0003169448350723222
deviation 0.0003137008554112793
deviation 0.0003104900783858078
deviation 0.00030731216416308944
deviation 0.00030416677638695877
deviation 0.0003010535821435126
deviation 0.000297972251927256
deviation 0.00029492245960392407
deviation 0.00029190388237997257
deviation 0.00028891620076345963
deviation 0.00028595909853242117
deviation 0.00028303226270213127
deviation 0.00028013538349153745
deviation 0.00027726815428996324
deviation 0.0002744302716257733
deviation 0.0002716214351319614
deviation 0.0002688413475150831
deviation 0.00026608971452695475
deviation 0.0002633662449310881
deviation 0.000260670650469683
deviation 0.00025800264583670856
deviation 0.000255361948646279
deviation 0.00025274827940214347
deviation 0.00025016136146827024
deviation 0.00024760092104221716
deviation 0.0002450666871221244
deviation 0.00024255839148035332
deviation 0.00024007576863380235
deviation 0.00023761855581866075
deviation 0.00023518649295795833
deviation 0.00023277932263991106
deviation 0.00023039679008326211
deviation 0.00022803864311812518
deviation 0.00022570463215297669
deviation 0.00022339451015384812
deviation 0.000221108032612701
Saved 1 samples to: logs/maze2d-large-v1/plans/release_H256_T256_LimitsNormalizer_b1_condFalse/0/cur_rollout750.png
deviation 0.00021884495752385336
deviation 0.00021660504536121013
deviation 0.0002143880590480425
deviation 0.00021219376393368246
deviation 0.00021002192777159974
deviation 0.00020787232068889214
deviation 0.00020574471517018395
deviation 0.00020363888602490743
deviation 0.00020155461036814616
deviation 0.00019949166759706107
deviation 0.000197449839365087
deviation 0.00019542890956306502
deviation 0.00019342866429040498
deviation 0.0001914488918398094
deviation 0.00018948938266870398
deviation 0.0001875499293781616
deviation 0.00018563032669347725
deviation 0.00018373037144086245
deviation 0.00018184986252581166
deviation 0.00017998860091117958
Local repair needed; replanning
Replanning RRT*…
current path is [(6.902267592616508, 8.879055294923177), (6.902267592616508, 8.879055294923177), (6.902267592616508, 8.879055294923177), (6.902267592616508, 8.879055294923177), (6.902267592616508, 8.879055294923177), (6.902267592616508, 8.879055294923177), (6.902267592616508, 8.879055294923177), (6.902267592616508, 8.879055294923177), (6.902267592616508, 8.879055294923177), (6.902267592616508, 8.879055294923177), (6.902267592616508, 8.879055294923177), (6.902267592616508, 8.879055294923177), (6.902267592616508, 8.879055294923177), (6.902267592616508, 8.879055294923177), (6.902267592616508, 8.879055294923177), (6.902267592616508, 8.879055294923177), (6.902267592616508, 8.879055294923177), (6.902267592616508, 8.879055294923177), (6.902267592616508, 8.879055294923177), (6.902267592616508, 8.879055294923177), (6.902267592616508, 8.879055294923177), (6.902267592616508, 8.879055294923177), (6.902267592616508, 8.879055294923177), (6.902267592616508, 8.879055294923177), (6.902267592616508, 8.879055294923177), (6.902267592616508, 8.879055294923177), (6.902267592616508, 8.879055294923177), (6.902267592616508, 8.879055294923177), (6.902267592616508, 8.879055294923177), (6.902267592616508, 8.879055294923177), (6.902267592616508, 8.879055294923177), (6.902267592616508, 8.879055294923177), (6.902267592616508, 8.879055294923177), (6.902267592616508, 8.879055294923177), (6.902267592616508, 8.879055294923177), (6.902267592616508, 8.879055294923177), (6.902267592616508, 8.879055294923177), (6.902267592616508, 8.879055294923177), (6.902267592616508, 8.879055294923177), (6.902267592616508, 8.879055294923177), (6.902267592616508, 8.879055294923177), (6.902267592616508, 8.879055294923177), (6.902267592616508, 8.879055294923177), (6.902267592616508, 8.879055294923177), (6.902267592616508, 8.879055294923177), (6.902267592616508, 8.879055294923177), (6.902267592616508, 8.879055294923177), (6.902267592616508, 8.879055294923177), (6.902267592616508, 8.879055294923177), (6.902267592616508, 8.879055294923177), (6.902267592616508, 8.879055294923177), (6.902267592616508, 8.879055294923177), (6.902267592616508, 8.879055294923177), (6.902267592616508, 8.879055294923177), (6.902267592616508, 8.879055294923177), (6.902267592616508, 8.879055294923177), (6.902267592616508, 8.879055294923177), (6.902267592616508, 8.879055294923177), (6.902267592616508, 8.879055294923177), (6.902267592616508, 8.879055294923177), (6.902267592616508, 8.879055294923177), (6.902267592616508, 8.879055294923177), (6.902267592616508, 8.879055294923177), (6.902267592616508, 8.879055294923177), (6.902267592616508, 8.879055294923177), (6.902267592616508, 8.879055294923177), (6.902267592616508, 8.879055294923177), (6.902267592616508, 8.879055294923177), (6.902267592616508, 8.879055294923177), (6.902267592616508, 8.879055294923177), (6.902267592616508, 8.879055294923177), (6.902267592616508, 8.879055294923177), (6.902267592616508, 8.879055294923177), (6.902267592616508, 8.879055294923177), (6.902267592616508, 8.879055294923177), (6.902267592616508, 8.879055294923177), (6.902267592616508, 8.879055294923177), (6.902267592616508, 8.879055294923177), (6.902267592616508, 8.879055294923177), (6.902267592616508, 8.879055294923177), (6.902267592616508, 8.879055294923177), (6.902267592616508, 8.879055294923177), (6.902267592616508, 8.879055294923177), (6.902267592616508, 8.879055294923177), (6.902267592616508, 8.879055294923177), (6.902267592616508, 8.879055294923177), (6.902267592616508, 8.879055294923177), (6.902267592616508, 8.879055294923177), (6.902267592616508, 8.879055294923177), (6.902267592616508, 8.879055294923177), (6.902267592616508, 8.879055294923177), (6.902267592616508, 8.879055294923177), (6.902267592616508, 8.879055294923177), (6.902267592616508, 8.879055294923177), (6.902267592616508, 8.879055294923177), (6.902267592616508, 8.879055294923177), (6.902267592616508, 8.879055294923177), (6.902267592616508, 8.879055294923177), (6.902267592616508, 8.879055294923177), (6.902267592616508, 8.879055294923177), (6.902267592616508, 8.879055294923177), (6.902267592616508, 8.879055294923177), (6.902267592616508, 8.879055294923177), (6.902267592616508, 8.879055294923177), (6.902267592616508, 8.879055294923177), (6.902267592616508, 8.879055294923177), (6.902267592616508, 8.879055294923177), (6.902267592616508, 8.879055294923177), (6.902267592616508, 8.879055294923177), (6.902267592616508, 8.879055294923177), (6.902267592616508, 8.879055294923177), (6.902267592616508, 8.879055294923177), (6.902267592616508, 8.879055294923177), (6.902267592616508, 8.879055294923177), (6.902267592616508, 8.879055294923177), (6.902267592616508, 8.879055294923177), (6.902267592616508, 8.879055294923177), (6.902267592616508, 8.879055294923177), (6.902267592616508, 8.879055294923177), (6.902267592616508, 8.879055294923177), (6.902267592616508, 8.879055294923177), (6.902267592616508, 8.879055294923177), (6.902267592616508, 8.879055294923177), (6.902267592616508, 8.879055294923177), (6.902267592616508, 8.879055294923177), (6.902267592616508, 8.879055294923177), (6.902267592616508, 8.879055294923177), (6.902267592616508, 8.879055294923177), (6.902267592616508, 8.879055294923177), (6.902267592616508, 8.879055294923177), (6.902267592616508, 8.879055294923177), (6.902267592616508, 8.879055294923177), (6.902267592616508, 8.879055294923177), (6.902267592616508, 8.879055294923177), (6.902267592616508, 8.879055294923177), (6.902267592616508, 8.879055294923177), (6.902267592616508, 8.879055294923177), (6.902267592616508, 8.879055294923177), (6.902267592616508, 8.879055294923177), (6.902267592616508, 8.879055294923177), (6.902267592616508, 8.879055294923177), (6.902267592616508, 8.879055294923177), (6.902267592616508, 8.879055294923177), (6.902267592616508, 8.879055294923177), (6.902267592616508, 8.879055294923177), (6.902267592616508, 8.879055294923177), (6.902267592616508, 8.879055294923177), (6.902267592616508, 8.879055294923177), (6.902267592616508, 8.879055294923177), (6.902267592616508, 8.879055294923177), (6.902267592616508, 8.879055294923177), (6.902267592616508, 8.879055294923177), (6.902267592616508, 8.879055294923177), (6.902267592616508, 8.879055294923177), (6.902267592616508, 8.879055294923177), (6.902267592616508, 8.879055294923177), (6.902267592616508, 8.879055294923177), (6.902267592616508, 8.879055294923177), (6.902267592616508, 8.879055294923177), (6.902267592616508, 8.879055294923177), (6.902267592616508, 8.879055294923177), (6.902267592616508, 8.879055294923177), (6.902267592616508, 8.879055294923177), (6.902267592616508, 8.879055294923177), (6.902267592616508, 8.879055294923177), (6.902267592616508, 8.879055294923177), (6.902267592616508, 8.879055294923177), (6.902267592616508, 8.879055294923177), (6.902267592616508, 8.879055294923177), (6.902267592616508, 8.879055294923177), (6.902267592616508, 8.879055294923177), (6.902267592616508, 8.879055294923177), (6.902267592616508, 8.879055294923177), (6.902267592616508, 8.879055294923177), (6.902267592616508, 8.879055294923177), (6.902267592616508, 8.879055294923177), (6.902267592616508, 8.879055294923177), (6.902267592616508, 8.879055294923177), (6.902267592616508, 8.879055294923177), (6.902267592616508, 8.879055294923177), (6.902267592616508, 8.879055294923177), (6.902267592616508, 8.879055294923177), (6.902267592616508, 8.879055294923177), (6.902267592616508, 8.879055294923177), (6.902267592616508, 8.879055294923177), (6.902267592616508, 8.879055294923177), (6.902267592616508, 8.879055294923177), (6.902267592616508, 8.879055294923177), (6.902267592616508, 8.879055294923177), (6.902267592616508, 8.879055294923177), (6.902267592616508, 8.879055294923177), (6.902267592616508, 8.879055294923177), (6.902267592616508, 8.879055294923177), (6.902267592616508, 8.879055294923177), (6.902267592616508, 8.879055294923177), (6.902267592616508, 8.879055294923177), (6.902267592616508, 8.879055294923177), (6.902267592616508, 8.879055294923177), (6.902267592616508, 8.879055294923177), (6.902267592616508, 8.879055294923177), (6.902267592616508, 8.879055294923177), (6.902267592616508, 8.879055294923177), (6.902267592616508, 8.879055294923177), (6.902267592616508, 8.879055294923177), (6.902267592616508, 8.879055294923177), (6.902267592616508, 8.879055294923177), (6.902267592616508, 8.879055294923177), (6.902267592616508, 8.879055294923177), (6.902267592616508, 8.879055294923177), (6.902267592616508, 8.879055294923177), (6.902267592616508, 8.879055294923177), (6.902267592616508, 8.879055294923177), (6.902267592616508, 8.879055294923177), (6.902267592616508, 8.879055294923177), (6.902267592616508, 8.879055294923177), (6.902267592616508, 8.879055294923177), (6.902267592616508, 8.879055294923177), (6.902267592616508, 8.879055294923177), (6.902267592616508, 8.879055294923177), (6.902267592616508, 8.879055294923177), (6.902267592616508, 8.879055294923177), (6.902267592616508, 8.879055294923177), (6.902267592616508, 8.879055294923177), (6.902267592616508, 8.879055294923177), (6.902267592616508, 8.879055294923177), (6.902267592616508, 8.879055294923177), (6.902267592616508, 8.879055294923177), (6.902267592616508, 8.879055294923177), (6.902267592616508, 8.879055294923177), (6.902267592616508, 8.879055294923177), (6.902267592616508, 8.879055294923177), (6.902267592616508, 8.879055294923177), (6.902267592616508, 8.879055294923177), (6.902267592616508, 8.879055294923177), (6.902267592616508, 8.879055294923177), (6.902267592616508, 8.879055294923177), (6.902267592616508, 8.879055294923177), (6.902267592616508, 8.879055294923177), (6.902267592616508, 8.879055294923177), (6.902267592616508, 8.879055294923177), (6.902267592616508, 8.879055294923177), (6.902267592616508, 8.879055294923177), (6.902267592616508, 8.879055294923177), (6.902267592616508, 8.879055294923177), (6.902267592616508, 8.879055294923177), (6.902267592616508, 8.879055294923177), (6.902267592616508, 8.879055294923177), (6.902267592616508, 8.879055294923177), (6.902267592616508, 8.879055294923177), (6.902267592616508, 8.879055294923177), (6.902267592616508, 8.879055294923177), (6.902267592616508, 8.879055294923177), (6.902267592616508, 8.879055294923177), (6.902267592616508, 8.879055294923177), (6.902267592616508, 8.879055294923177), (6.902267592616508, 8.879055294923177)]
New path length: 256 waypoints
deviation 1.4135435481388712e-06
deviation 2.483699037074295e-06
deviation 3.2905181889564827e-06
deviation 3.895423817177925e-06
deviation 4.345544640789867e-06
deviation 4.677041419909719e-06
deviation 4.917659125810942e-06
deviation 5.088685244019379e-06
deviation 5.206452394450479e-06
deviation 5.283491302973736e-06
deviation 5.329415483761421e-06
deviation 5.351600070710095e-06
deviation 5.355702679922932e-06
deviation 5.346063077517999e-06
deviation 5.326009848000916e-06
deviation 5.298095702425422e-06
deviation 5.264278031168379e-06
deviation 5.226057440563025e-06
deviation 5.184584061647989e-06
deviation 5.140739111761376e-06
deviation 5.095197485152553e-06
deviation 5.048475771728201e-06
deviation 5.000969112587657e-06
deviation 4.952979465757034e-06
deviation 4.904737304760212e-06
deviation 4.856418266733453e-06
deviation 4.808155922715333e-06
deviation 4.760051577878095e-06
deviation 4.712181795213514e-06
Dynamic RRT* done: steps=800, return=458.00,score = 1.69
